1 4 20
3 1 5
50 2 3
5 2 7
7 5 20
4 7 50
*
10 1 20
20 2 30
30 3 40
40 4 50
50 5 60
60 6 10
*
10 1 20
20 2 30
30 3 40
40 4 50
50 5 60
10 6 60
*
15 25 35
35 45 55
55 65 15
15 75 25
25 85 35
35 45 95
*
20 30 40
40 50 60
60 70 20
20 80 30
30 90 40
40 50 100
*
25 35 45
45 55 65
65 75 25
25 85 35
35 95 45
45 55 105
*
30 40 50
50 60 70
70 80 30
30 90 40
40 100 50
50 60 110
*
35 45 55
55 65 75
75 85 35
35 95 45
45 105 55
55 65 115
*
40 50 60
60 70 80
80 90 40
40 100 50
50 110 60
60 70 120
*
45 55 65
65 75 85
85 95 45
45 105 55
55 115 65
65 75 125
*
50 60 70
70 80 90
90 100 50
50 110 60
60 120 70
70 80 130
*
55 65 75
75 85 95
95 105 55
55 115 65
65 125 75
75 85 135
*
60 70 80
80 90 100
100 110 60
60 120 70
70 130 80
80 90 140
*
65 75 85
85 95 105
105 115 65
65 125 75
75 135 85
85 95 145
*
70 80 90
90 100 110
110 120 70
70 130 80
80 140 90
90 100 150
*
75 85 95
95 105 115
115 125 75
75 135 85
85 145 95
95 105 155
*
80 90 100
100 110 120
120 130 80
80 140 90
90 150 100
100 110 160
*
85 95 105
105 115 125
125 135 85
85 145 95
95 155 105
105 115 165
*
90 100 110
110 120 130
130 140 90
90 150 100
100 160 110
110 120 170
*
95 105 115
115 125 135
135 145 95
95 155 105
105 165 115
115 125 175
*
1 2 3
4 1 5
6 4 7
8 6 9
10 8 11
3 10 12
*
2 3 4
5 2 6
7 5 8
9 7 10
11 9 12
4 11 13
*
3 4 5
6 3 7
8 6 9
10 8 11
12 10 13
5 12 14
*
4 5 6
7 4 8
9 7 10
11 9 12
13 11 14
6 13 15
*
5 6 7
8 5 9
10 8 11
12 10 13
14 12 15
7 14 16
*
6 7 8
9 6 10
11 9 12
13 11 14
15 13 16
8 15 17
*
7 8 9
10 7 11
12 10 13
14 12 15
16 14 17
9 16 18
*
8 9 10
11 8 12
13 11 14
15 13 16
17 15 18
10 17 19
*
9 10 11
12 9 13
14 12 15
16 14 17
18 16 19
11 18 20
*
10 11 12
13 10 14
15 13 16
17 15 18
19 17 20
12 19 21
*
11 12 13
14 11 15
16 14 17
18 16 19
20 18 21
13 20 22
*
12 13 14
15 12 16
17 15 18
19 17 20
21 19 22
14 21 23
*
13 14 15
16 13 17
18 16 19
20 18 21
22 20 23
15 22 24
*
14 15 16
17 14 18
19 17 20
21 19 22
23 21 24
16 23 25
*
15 16 17
18 15 19
20 18 21
22 20 23
24 22 25
17 24 26
*
16 17 18
19 16 20
21 19 22
23 21 24
25 23 26
18 25 27
*
17 18 19
20 17 21
22 20 23
24 22 25
26 24 27
19 26 28
*
18 19 20
21 18 22
23 21 24
25 23 26
27 25 28
20 27 29
*
19 20 21
22 19 23
24 22 25
26 24 27
28 26 29
21 28 30
*
20 21 22
23 20 24
25 23 26
27 25 28
29 27 30
22 29 31
*
21 22 23
24 21 25
26 24 27
28 26 29
30 28 31
23 30 32
*
22 23 24
25 22 26
27 25 28
29 27 30
31 29 32
24 31 33
*
23 24 25
26 23 27
28 26 29
30 28 31
32 30 33
25 32 34
*
24 25 26
27 24 28
29 27 30
31 29 32
33 31 34
26 33 35
*
25 26 27
28 25 29
30 28 31
32 30 33
34 32 35
27 34 36
*
26 27 28
29 26 30
31 29 32
33 31 34
35 33 36
28 35 37
*
27 28 29
30 27 31
32 30 33
34 32 35
36 34 37
29 36 38
*
28 29 30
31 28 32
33 31 34
35 33 36
37 35 38
30 37 39
*
29 30 31
32 29 33
34 32 35
36 34 37
38 36 39
31 38 40
*
30 31 32
33 30 34
35 33 36
37 35 38
39 37 40
32 39 41
*
31 32 33
34 31 35
36 34 37
38 36 39
40 38 41
33 40 42
*
32 33 34
35 32 36
37 35 38
39 37 40
41 39 42
34 41 43
*
33 34 35
36 33 37
38 36 39
40 38 41
42 40 43
35 42 44
*
34 35 36
37 34 38
39 37 40
41 39 42
43 41 44
36 43 45
*
35 36 37
38 35 39
40 38 41
42 40 43
44 42 45
37 44 46
*
36 37 38
39 36 40
41 39 42
43 41 44
45 43 46
38 45 47
*
37 38 39
40 37 41
42 40 43
44 42 45
46 44 47
39 46 48
*
38 39 40
41 38 42
43 41 44
45 43 46
47 45 48
40 47 49
*
39 40 41
42 39 43
44 42 45
46 44 47
48 46 49
41 48 50
*
40 41 42
43 40 44
45 43 46
47 45 48
49 47 50
42 49 51
*
41 42 43
44 41 45
46 44 47
48 46 49
50 48 51
43 50 52
*
42 43 44
45 42 46
47 45 48
49 47 50
51 49 52
44 51 53
*
43 44 45
46 43 47
48 46 49
50 48 51
52 50 53
45 52 54
*
44 45 46
47 44 48
49 47 50
51 49 52
53 51 54
46 53 55
*
45 46 47
48 45 49
50 48 51
52 50 53
54 52 55
47 54 56
*
46 47 48
49 46 50
51 49 52
53 51 54
55 53 56
48 55 57
*
47 48 49
50 47 51
52 50 53
54 52 55
56 54 57
49 56 58
*
48 49 50
51 48 52
53 51 54
55 53 56
57 55 58
50 57 59
*
49 50 51
52 49 53
54 52 55
56 54 57
58 56 59
51 58 60
*
50 51 52
53 50 54
55 53 56
57 55 58
59 57 60
52 59 61
*
51 52 53
54 51 55
56 54 57
58 56 59
60 58 61
53 60 62
*
52 53 54
55 52 56
57 55 58
59 57 60
61 59 62
54 61 63
*
53 54 55
56 53 57
58 56 59
60 58 61
62 60 63
55 62 64
*
54 55 56
57 54 58
59 57 60
61 59 62
63 61 64
56 63 65
*
55 56 57
58 55 59
60 58 61
62 60 63
64 62 65
57 64 66
*
56 57 58
59 56 60
61 59 62
63 61 64
65 63 66
58 65 67
*
57 58 59
60 57 61
62 60 63
64 62 65
66 64 67
59 66 68
*
58 59 60
61 58 62
63 61 64
65 63 66
67 65 68
60 67 69
*
59 60 61
62 59 63
64 62 65
66 64 67
68 66 69
61 68 70
*
60 61 62
63 60 64
65 63 66
67 65 68
69 67 70
62 69 71
*
61 62 63
64 61 65
66 64 67
68 66 69
70 68 71
63 70 72
*
62 63 64
65 62 66
67 65 68
69 67 70
71 69 72
64 71 73
*
63 64 65
66 63 67
68 66 69
70 68 71
72 70 73
65 72 74
*
64 65 66
67 64 68
69 67 70
71 69 72
73 71 74
66 73 75
*
65 66 67
68 65 69
70 68 71
72 70 73
74 72 75
67 74 76
*
66 67 68
69 66 70
71 69 72
73 71 74
75 73 76
68 75 77
*
67 68 69
70 67 71
72 70 73
74 72 75
76 74 77
69 76 78
*
68 69 70
71 68 72
73 71 74
75 73 76
77 75 78
70 77 79
*
69 70 71
72 69 73
74 72 75
76 74 77
78 76 79
71 78 80
*
70 71 72
73 70 74
75 73 76
77 75 78
79 77 80
72 79 81
*
71 72 73
74 71 75
76 74 77
78 76 79
80 78 81
73 80 82
*
72 73 74
75 72 76
77 75 78
79 77 80
81 79 82
74 81 83
*
73 74 75
76 73 77
78 76 79
80 78 81
82 80 83
75 82 84
*
74 75 76
77 74 78
79 77 80
81 79 82
83 81 84
76 83 85
*
75 76 77
78 75 79
80 78 81
82 80 83
84 82 85
77 84 86
*
76 77 78
79 76 80
81 79 82
83 81 84
85 83 86
78 85 87
*
77 78 79
80 77 81
82 80 83
84 82 85
86 84 87
79 86 88
*
78 79 80
81 78 82
83 81 84
85 83 86
87 85 88
80 87 89
*
79 80 81
82 79 83
84 82 85
86 84 87
88 86 89
81 88 90
*
80 81 82
83 80 84
85 83 86
87 85 88
89 87 90
82 89 91
*
81 82 83
84 81 85
86 84 87
88 86 89
90 88 91
83 90 92
*
82 83 84
85 82 86
87 85 88
89 87 90
91 89 92
84 91 93
*
83 84 85
86 83 87
88 86 89
90 88 91
92 90 93
85 92 94
*
84 85 86
87 84 88
89 87 90
91 89 92
93 91 94
86 93 95
*
85 86 87
88 85 89
90 88 91
92 90 93
94 92 95
87 94 96
*
86 87 88
89 86 90
91 89 92
93 91 94
95 93 96
88 95 97
*
87 88 89
90 87 91
92 90 93
94 92 95
96 94 97
89 96 98
*
88 89 90
91 88 92
93 91 94
95 93 96
97 95 98
90 97 99
*
89 90 91
92 89 93
94 92 95
96 94 97
98 96 99
91 98 100
*
90 91 92
93 90 94
95 93 96
97 95 98
99 97 100
92 99 1
*
91 92 93
94 91 95
96 94 97
98 96 99
100 98 1
93 100 2
*
92 93 94
95 92 96
97 95 98
99 97 100
1 99 2
94 1 3
*
93 94 95
96 93 97
98 96 99
100 98 1
2 100 3
95 2 4
*
94 95 96
97 94 98
99 97 100
1 99 2
3 1 4
96 3 5
*
95 96 97
98 95 99
100 98 1
2 100 3
4 2 5
97 4 6
*
96 97 98
99 96 100
1 99 2
3 1 4
5 3 6
98 5 7
*
97 98 99
100 97 1
2 100 3
4 2 5
6 4 7
99 6 8
*
98 99 100
1 98 2
3 1 4
5 3 6
7 5 8
100 7 9
*
99 100 1
2 99 3
4 2 5
6 4 7
8 6 9
1 8 10
*
100 1 2
3 100 4
5 3 6
7 5 8
9 7 10
2 9 11
*
1 2 3
4 5 6
7 8 9
10 11 12
13 14 15
16 17 18
*
2 3 4
5 6 7
8 9 10
11 12 13
14 15 16
17 18 19
*
3 4 5
6 7 8
9 10 11
12 13 14
15 16 17
18 19 20
*
4 5 6
7 8 9
10 11 12
13 14 15
16 17 18
19 20 21
*
5 6 7
8 9 10
11 12 13
14 15 16
17 18 19
20 21 22
*
6 7 8
9 10 11
12 13 14
15 16 17
18 19 20
21 22 23
*
7 8 9
10 11 12
13 14 15
16 17 18
19 20 21
22 23 24
*
8 9 10
11 12 13
14 15 16
17 18 19
20 21 22
23 24 25
*
9 10 11
12 13 14
15 16 17
18 19 20
21 22 23
24 25 26
*
10 11 12
13 14 15
16 17 18
19 20 21
22 23 24
25 26 27
*
11 12 13
14 15 16
17 18 19
20 21 22
23 24 25
26 27 28
*
12 13 14
15 16 17
18 19 20
21 22 23
24 25 26
27 28 29
*
13 14 15
16 17 18
19 20 21
22 23 24
25 26 27
28 29 30
*
14 15 16
17 18 19
20 21 22
23 24 25
26 27 28
29 30 31
*
15 16 17
18 19 20
21 22 23
24 25 26
27 28 29
30 31 32
*
16 17 18
19 20 21
22 23 24
25 26 27
28 29 30
31 32 33
*
17 18 19
20 21 22
23 24 25
26 27 28
29 30 31
32 33 34
*
18 19 20
21 22 23
24 25 26
27 28 29
30 31 32
33 34 35
*
19 20 21
22 23 24
25 26 27
28 29 30
31 32 33
34 35 36
*
20 21 22
23 24 25
26 27 28
29 30 31
32 33 34
35 36 37
*
21 22 23
24 25 26
27 28 29
30 31 32
33 34 35
36 37 38
*
22 23 24
25 26 27
28 29 30
31 32 33
34 35 36
37 38 39
*
23 24 25
26 27 28
29 30 31
32 33 34
35 36 37
38 39 40
*
24 25 26
27 28 29
30 31 32
33 34 35
36 37 38
39 40 41
*
25 26 27
28 29 30
31 32 33
34 35 36
37 38 39
40 41 42
*
26 27 28
29 30 31
32 33 34
35 36 37
38 39 40
41 42 43
*
27 28 29
30 31 32
33 34 35
36 37 38
39 40 41
42 43 44
*
28 29 30
31 32 33
34 35 36
37 38 39
40 41 42
43 44 45
*
29 30 31
32 33 34
35 36 37
38 39 40
41 42 43
44 45 46
*
30 31 32
33 34 35
36 37 38
39 40 41
42 43 44
45 46 47
*
31 32 33
34 35 36
37 38 39
40 41 42
43 44 45
46 47 48
*
32 33 34
35 36 37
38 39 40
41 42 43
44 45 46
47 48 49
*
33 34 35
36 37 38
39 40 41
42 43 44
45 46 47
48 49 50
*
34 35 36
37 38 39
40 41 42
43 44 45
46 47 48
49 50 51
*
35 36 37
38 39 40
41 42 43
44 45 46
47 48 49
50 51 52
*
36 37 38
39 40 41
42 43 44
45 46 47
48 49 50
51 52 53
*
37 38 39
40 41 42
43 44 45
46 47 48
49 50 51
52 53 54
*
38 39 40
41 42 43
44 45 46
47 48 49
50 51 52
53 54 55
*
39 40 41
42 43 44
45 46 47
48 49 50
51 52 53
54 55 56
*
40 41 42
43 44 45
46 47 48
49 50 51
52 53 54
55 56 57
*
41 42 43
44 45 46
47 48 49
50 51 52
53 54 55
56 57 58
*
42 43 44
45 46 47
48 49 50
51 52 53
54 55 56
57 58 59
*
43 44 45
46 47 48
49 50 51
52 53 54
55 56 57
58 59 60
*
44 45 46
47 48 49
50 51 52
53 54 55
56 57 58
59 60 61
*
45 46 47
48 49 50
51 52 53
54 55 56
57 58 59
60 61 62
*
46 47 48
49 50 51
52 53 54
55 56 57
58 59 60
61 62 63
*
47 48 49
50 51 52
53 54 55
56 57 58
59 60 61
62 63 64
*
48 49 50
51 52 53
54 55 56
57 58 59
60 61 62
63 64 65
*
49 50 51
52 53 54
55 56 57
58 59 60
61 62 63
64 65 66
*
50 51 52
53 54 55
56 57 58
59 60 61
62 63 64
65 66 67
*
51 52 53
54 55 56
57 58 59
60 61 62
63 64 65
66 67 68
*
52 53 54
55 56 57
58 59 60
61 62 63
64 65 66
67 68 69
*
53 54 55
56 57 58
59 60 61
62 63 64
65 66 67
68 69 70
*
54 55 56
57 58 59
60 61 62
63 64 65
66 67 68
69 70 71
*
55 56 57
58 59 60
61 62 63
64 65 66
67 68 69
70 71 72
*
56 57 58
59 60 61
62 63 64
65 66 67
68 69 70
71 72 73
*
57 58 59
60 61 62
63 64 65
66 67 68
69 70 71
72 73 74
*
58 59 60
61 62 63
64 65 66
67 68 69
70 71 72
73 74 75
*
59 60 61
62 63 64
65 66 67
68 69 70
71 72 73
74 75 76
*
60 61 62
63 64 65
66 67 68
69 70 71
72 73 74
75 76 77
*
61 62 63
64 65 66
67 68 69
70 71 72
73 74 75
76 77 78
*
62 63 64
65 66 67
68 69 70
71 72 73
74 75 76
77 78 79
*
63 64 65
66 67 68
69 70 71
72 73 74
75 76 77
78 79 80
*
64 65 66
67 68 69
70 71 72
73 74 75
76 77 78
79 80 81
*
65 66 67
68 69 70
71 72 73
74 75 76
77 78 79
80 81 82
*
66 67 68
69 70 71
72 73 74
75 76 77
78 79 80
81 82 83
*
67 68 69
70 71 72
73 74 75
76 77 78
79 80 81
82 83 84
*
68 69 70
71 72 73
74 75 76
77 78 79
80 81 82
83 84 85
*
69 70 71
72 73 74
75 76 77
78 79 80
81 82 83
84 85 86
*
70 71 72
73 74 75
76 77 78
79 80 81
82 83 84
85 86 87
*
71 72 73
74 75 76
77 78 79
80 81 82
83 84 85
86 87 88
*
72 73 74
75 76 77
78 79 80
81 82 83
84 85 86
87 88 89
*
73 74 75
76 77 78
79 80 81
82 83 84
85 86 87
88 89 90
*
74 75 76
77 78 79
80 81 82
83 84 85
86 87 88
89 90 91
*
75 76 77
78 79 80
81 82 83
84 85 86
87 88 89
90 91 92
*
76 77 78
79 80 81
82 83 84
85 86 87
88 89 90
91 92 93
*
77 78 79
80 81 82
83 84 85
86 87 88
89 90 91
92 93 94
*
78 79 80
81 82 83
84 85 86
87 88 89
90 91 92
93 94 95
*
79 80 81
82 83 84
85 86 87
88 89 90
91 92 93
94 95 96
*
80 81 82
83 84 85
86 87 88
89 90 91
92 93 94
95 96 97
*
81 82 83
84 85 86
87 88 89
90 91 92
93 94 95
96 97 98
*
82 83 84
85 86 87
88 89 90
91 92 93
94 95 96
97 98 99
*
83 84 85
86 87 88
89 90 91
92 93 94
95 96 97
98 99 100
*
84 85 86
87 88 89
90 91 92
93 94 95
96 97 98
99 100 1
*
85 86 87
88 89 90
91 92 93
94 95 96
97 98 99
100 1 2
*
86 87 88
89 90 91
92 93 94
95 96 97
98 99 100
1 2 3
*
87 88 89
90 91 92
93 94 95
96 97 98
99 100 1
2 3 4
*
88 89 90
91 92 93
94 95 96
97 98 99
100 1 2
3 4 5
*
89 90 91
92 93 94
95 96 97
98 99 100
1 2 3
4 5 6
*
90 91 92
93 94 95
96 97 98
99 100 1
2 3 4
5 6 7
*
91 92 93
94 95 96
97 98 99
100 1 2
3 4 5
6 7 8
*
92 93 94
95 96 97
98 99 100
1 2 3
4 5 6
7 8 9
*
93 94 95
96 97 98
99 100 1
2 3 4
5 6 7
8 9 10
*
94 95 96
97 98 99
100 1 2
3 4 5
6 7 8
9 10 11
*
95 96 97
98 99 100
1 2 3
4 5 6
7 8 9
10 11 12
*
96 97 98
99 100 1
2 3 4
5 6 7
8 9 10
11 12 13
*
97 98 99
100 1 2
3 4 5
6 7 8
9 10 11
12 13 14
*
98 99 100
1 2 3
4 5 6
7 8 9
10 11 12
13 14 15
*
99 100 1
2 3 4
5 6 7
8 9 10
11 12 13
14 15 16
*
100 1 2
3 4 5
6 7 8
9 10 11
12 13 14
15 16 17
*
1 2 3
4 5 6
7 8 9
10 11 12
13 14 15
16 17 18
*
2 3 4
5 6 7
8 9 10
11 12 13
14 15 16
17 18 19
*
3 4 5
6 7 8
9 10 11
12 13 14
15 16 17
18 19 20
*
4 5 6
7 8 9
10 11 12
13 14 15
16 17 18
19 20 21
*
5 6 7
8 9 10
11 12 13
14 15 16
17 18 19
20 21 22
*
6 7 8
9 10 11
12 13 14
15 16 17
18 19 20
21 22 23
*
7 8 9
10 11 12
13 14 15
16 17 18
19 20 21
22 23 24
*
8 9 10
11 12 13
14 15 16
17 18 19
20 21 22
23 24 25
*
9 10 11
12 13 14
15 16 17
18 19 20
21 22 23
24 25 26
*
10 11 12
13 14 15
16 17 18
19 20 21
22 23 24
25 26 27
*
11 12 13
14 15 16
17 18 19
20 21 22
23 24 25
26 27 28
*
12 13 14
15 16 17
18 19 20
21 22 23
24 25 26
27 28 29
*
13 14 15
16 17 18
19 20 21
22 23 24
25 26 27
28 29 30
*
14 15 16
17 18 19
20 21 22
23 24 25
26 27 28
29 30 31
*
15 16 17
18 19 20
21 22 23
24 25 26
27 28 29
30 31 32
*
16 17 18
19 20 21
22 23 24
25 26 27
28 29 30
31 32 33
*
17 18 19
20 21 22
23 24 25
26 27 28
29 30 31
32 33 34
*
18 19 20
21 22 23
24 25 26
27 28 29
30 31 32
33 34 35
*
19 20 21
22 23 24
25 26 27
28 29 30
31 32 33
34 35 36
*
20 21 22
23 24 25
26 27 28
29 30 31
32 33 34
35 36 37
*
21 22 23
24 25 26
27 28 29
30 31 32
33 34 35
36 37 38
*
22 23 24
25 26 27
28 29 30
31 32 33
34 35 36
37 38 39
*
23 24 25
26 27 28
29 30 31
32 33 34
35 36 37
38 39 40
*
24 25 26
27 28 29
30 31 32
33 34 35
36 37 38
39 40 41
*
25 26 27
28 29 30
31 32 33
34 35 36
37 38 39
40 41 42
*
26 27 28
29 30 31
32 33 34
35 36 37
38 39 40
41 42 43
*
27 28 29
30 31 32
33 34 35
36 37 38
39 40 41
42 43 44
*
28 29 30
31 32 33
34 35 36
37 38 39
40 41 42
43 44 45
*
29 30 31
32 33 34
35 36 37
38 39 40
41 42 43
44 45 46
*
30 31 32
33 34 35
36 37 38
39 40 41
42 43 44
45 46 47
*
31 32 33
34 35 36
37 38 39
40 41 42
43 44 45
46 47 48
*
32 33 34
35 36 37
38 39 40
41 42 43
44 45 46
47 48 49
*
33 34 35
36 37 38
39 40 41
42 43 44
45 46 47
48 49 50
*
34 35 36
37 38 39
40 41 42
43 44 45
46 47 48
49 50 51
*
35 36 37
38 39 40
41 42 43
44 45 46
47 48 49
50 51 52
*
36 37 38
39 40 41
42 43 44
45 46 47
48 49 50
51 52 53
*
37 38 39
40 41 42
43 44 45
46 47 48
49 50 51
52 53 54
*
38 39 40
41 42 43
44 45 46
47 48 49
50 51 52
53 54 55
*
39 40 41
42 43 44
45 46 47
48 49 50
51 52 53
54 55 56
*
40 41 42
43 44 45
46 47 48
49 50 51
52 53 54
55 56 57
*
41 42 43
44 45 46
47 48 49
50 51 52
53 54 55
56 57 58
*
42 43 44
45 46 47
48 49 50
51 52 53
54 55 56
57 58 59
*
43 44 45
46 47 48
49 50 51
52 53 54
55 56 57
58 59 60
*
44 45 46
47 48 49
50 51 52
53 54 55
56 57 58
59 60 61
*
45 46 47
48 49 50
51 52 53
54 55 56
57 58 59
60 61 62
*
46 47 48
49 50 51
52 53 54
55 56 57
58 59 60
61 62 63
*
47 48 49
50 51 52
53 54 55
56 57 58
59 60 61
62 63 64
*
48 49 50
51 52 53
54 55 56
57 58 59
60 61 62
63 64 65
*
49 50 51
52 53 54
55 56 57
58 59 60
61 62 63
64 65 66
*
50 51 52
53 54 55
56 57 58
59 60 61
62 63 64
65 66 67
*
51 52 53
54 55 56
57 58 59
60 61 62
63 64 65
66 67 68
*
52 53 54
55 56 57
58 59 60
61 62 63
64 65 66
67 68 69
*
53 54 55
56 57 58
59 60 61
62 63 64
65 66 67
68 69 70
*
54 55 56
57 58 59
60 61 62
63 64 65
66 67 68
69 70 71
*
55 56 57
58 59 60
61 62 63
64 65 66
67 68 69
70 71 72
*
56 57 58
59 60 61
62 63 64
65 66 67
68 69 70
71 72 73
*
57 58 59
60 61 62
63 64 65
66 67 68
69 70 71
72 73 74
*
58 59 60
61 62 63
64 65 66
67 68 69
70 71 72
73 74 75
*
59 60 61
62 63 64
65 66 67
68 69 70
71 72 73
74 75 76
*
60 61 62
63 64 65
66 67 68
69 70 71
72 73 74
75 76 77
*
61 62 63
64 65 66
67 68 69
70 71 72
73 74 75
76 77 78
*
62 63 64
65 66 67
68 69 70
71 72 73
74 75 76
77 78 79
*
63 64 65
66 67 68
69 70 71
72 73 74
75 76 77
78 79 80
*
64 65 66
67 68 69
70 71 72
73 74 75
76 77 78
79 80 81
*
65 66 67
68 69 70
71 72 73
74 75 76
77 78 79
80 81 82
*
66 67 68
69 70 71
72 73 74
75 76 77
78 79 80
81 82 83
*
67 68 69
70 71 72
73 74 75
76 77 78
79 80 81
82 83 84
*
68 69 70
71 72 73
74 75 76
77 78 79
80 81 82
83 84 85
*
69 70 71
72 73 74
75 76 77
78 79 80
81 82 83
84 85 86
*
70 71 72
73 74 75
76 77 78
79 80 81
82 83 84
85 86 87
*
71 72 73
74 75 76
77 78 79
80 81 82
83 84 85
86 87 88
*
72 73 74
75 76 77
78 79 80
81 82 83
84 85 86
87 88 89
*
73 74 75
76 77 78
79 80 81
82 83 84
85 86 87
88 89 90
*
74 75 76
77 78 79
80 81 82
83 84 85
86 87 88
89 90 91
*
75 76 77
78 79 80
81 82 83
84 85 86
87 88 89
90 91 92
*
76 77 78
79 80 81
82 83 84
85 86 87
88 89 90
91 92 93
*
77 78 79
80 81 82
83 84 85
86 87 88
89 90 91
92 93 94
*
78 79 80
81 82 83
84 85 86
87 88 89
90 91 92
93 94 95
*
79 80 81
82 83 84
85 86 87
88 89 90
91 92 93
94 95 96
*
80 81 82
83 84 85
86 87 88
89 90 91
92 93 94
95 96 97
*
81 82 83
84 85 86
87 88 89
90 91 92
93 94 95
96 97 98
*
82 83 84
85 86 87
88 89 90
91 92 93
94 95 96
97 98 99
*
83 84 85
86 87 88
89 90 91
92 93 94
95 96 97
98 99 100
*
84 85 86
87 88 89
90 91 92
93 94 95
96 97 98
99 100 1
*
85 86 87
88 89 90
91 92 93
94 95 96
97 98 99
100 1 2
*
86 87 88
89 90 91
92 93 94
95 96 97
98 99 100
1 2 3
*
87 88 89
90 91 92
93 94 95
96 97 98
99 100 1
2 3 4
*
88 89 90
91 92 93
94 95 96
97 98 99
100 1 2
3 4 5
*
89 90 91
92 93 94
95 96 97
98 99 100
1 2 3
4 5 6
*
90 91 92
93 94 95
96 97 98
99 100 1
2 3 4
5 6 7
*
91 92 93
94 95 96
97 98 99
100 1 2
3 4 5
6 7 8
*
92 93 94
95 96 97
98 99 100
1 2 3
4 5 6
7 8 9
*
93 94 95
96 97 98
99 100 1
2 3 4
5 6 7
8 9 10
*
94 95 96
97 98 99
100 1 2
3 4 5
6 7 8
9 10 11
*
95 96 97
98 99 100
1 2 3
4 5 6
7 8 9
10 11 12
*
96 97 98
99 100 1
2 3 4
5 6 7
8 9 10
11 12 13
*
97 98 99
100 1 2
3 4 5
6 7 8
9 10 11
12 13 14
*
98 99 100
1 2 3
4 5 6
7 8 9
10 11 12
13 14 15
*
99 100 1
2 3 4
5 6 7
8 9 10
11 12 13
14 15 16
*
100 1 2
3 4 5
6 7 8
9 10 11
12 13 14
15 16 17
*
1 2 3
4 5 6
7 8 9
10 11 12
13 14 15
16 17 18
*
2 3 4
5 6 7
8 9 10
11 12 13
14 15 16
17 18 19
*
3 4 5
6 7 8
9 10 11
12 13 14
15 16 17
18 19 20
*
4 5 6
7 8 9
10 11 12
13 14 15
16 17 18
19 20 21
*
5 6 7
8 9 10
11 12 13
14 15 16
17 18 19
20 21 22
*
6 7 8
9 10 11
12 13 14
15 16 17
18 19 20
21 22 23
*
7 8 9
10 11 12
13 14 15
16 17 18
19 20 21
22 23 24
*
8 9 10
11 12 13
14 15 16
17 18 19
20 21 22
23 24 25
*
9 10 11
12 13 14
15 16 17
18 19 20
21 22 23
24 25 26
*
10 11 12
13 14 15
16 17 18
19 20 21
22 23 24
25 26 27
*
11 12 13
14 15 16
17 18 19
20 21 22
23 24 25
26 27 28
*
12 13 14
15 16 17
18 19 20
21 22 23
24 25 26
27 28 29
*
13 14 15
16 17 18
19 20 21
22 23 24
25 26 27
28 29 30
*
14 15 16
17 18 19
20 21 22
23 24 25
26 27 28
29 30 31
*
15 16 17
18 19 20
21 22 23
24 25 26
27 28 29
30 31 32
*
16 17 18
19 20 21
22 23 24
25 26 27
28 29 30
31 32 33
*
17 18 19
20 21 22
23 24 25
26 27 28
29 30 31
32 33 34
*
18 19 20
21 22 23
24 25 26
27 28 29
30 31 32
33 34 35
*
19 20 21
22 23 24
25 26 27
28 29 30
31 32 33
34 35 36
*
20 21 22
23 24 25
26 27 28
29 30 31
32 33 34
35 36 37
*
21 22 23
24 25 26
27 28 29
30 31 32
33 34 35
36 37 38
*
22 23 24
25 26 27
28 29 30
31 32 33
34 35 36
37 38 39
*
23 24 25
26 27 28
29 30 31
32 33 34
35 36 37
38 39 40
*
24 25 26
27 28 29
30 31 32
33 34 35
36 37 38
39 40 41
*
25 26 27
28 29 30
31 32 33
34 35 36
37 38 39
40 41 42
*
26 27 28
29 30 31
32 33 34
35 36 37
38 39 40
41 42 43
*
27 28 29
30 31 32
33 34 35
36 37 38
39 40 41
42 43 44
*
28 29 30
31 32 33
34 35 36
37 38 39
40 41 42
43 44 45
*
29 30 31
32 33 34
35 36 37
38 39 40
41 42 43
44 45 46
*
30 31 32
33 34 35
36 37 38
39 40 41
42 43 44
45 46 47
*
31 32 33
34 35 36
37 38 39
40 41 42
43 44 45
46 47 48
*
32 33 34
35 36 37
38 39 40
41 42 43
44 45 46
47 48 49
*
33 34 35
36 37 38
39 40 41
42 43 44
45 46 47
48 49 50
*
34 35 36
37 38 39
40 41 42
43 44 45
46 47 48
49 50 51
*
35 36 37
38 39 40
41 42 43
44 45 46
47 48 49
50 51 52
*
36 37 38
39 40 41
42 43 44
45 46 47
48 49 50
51 52 53
$